githubHandle: MichaelJDevine
latitude: 12.888146
longitude: 77.679462
